function r=proteinRatio_temp(gr)
%r=45;
r=42.436*gr + 35.364;%-58.238*gr^2 + 65.454*gr + 34.14 ;
%  if gr <=0.28
%      r=51.88*gr + 36.407;
%  else
%     r=-48.527*gr+ 64.311;
%  end
r=45;
r=(r)/100;
